test_return_mean : 39.0625
test_return_std : 2.9148059540902547
test_episode_limit_mean : 0.09375
test_ep_length_mean : 111.53125
test_episode_completion_mean : 0.009920112671623406
return_mean : 31.40625
return_std : 12.357587181060063
episode_limit_mean : 0.40625
ep_length_mean : 151.921875
episode_completion_mean : 0.0073853770448111065
