individiaul_timesteps: 2548972 2505894 2542765 2546303 
meta_loss : -0.06180439190939069
test_return_mean : 39.765625
