individiaul_timesteps: 4621529 4671874 
meta_loss : -0.07708611991256475
test_return_mean : 31.40625
