battle_won_mean : 0
test_return_mean : 0.46875
test_return_std : 2.4556615071096424
test_episode_limit_mean : 1.0
test_ep_length_mean : 200.0
test_episode_completion_mean : 0.0001953125
return_mean : 0.78125
return_std : 3.2135880939379895
episode_limit_mean : 1.0
ep_length_mean : 200.0
episode_completion_mean : 0.0003125
