individiaul_timesteps: 1253392 1254155 
meta_loss : -0.06013088906183839
test_return_mean : 17.03125
