individiaul_timesteps: 2298267 2351847 
meta_loss : -0.05970553308725357
test_return_mean : 39.53125
