individiaul_timesteps: 844800 844800 
meta_loss : -0.032877962628845125
test_return_mean : 0.78125
