individiaul_timesteps: 1252737 1244089 1252309 1254016 
meta_loss : -0.06598809105344117
test_return_mean : 20.546875
