individiaul_timesteps: 25600 25600 
meta_loss : -0.06353784195380285
test_return_mean : 0.78125
