test_return_mean : 3.75
test_return_std : 5.448623679425842
test_episode_limit_mean : 1.0
test_ep_length_mean : 200.0
test_episode_completion_mean : 0.0017187499999999998
return_mean : 6.25
return_std : 6.959705453537527
episode_limit_mean : 1.0
ep_length_mean : 200.0
episode_completion_mean : 0.0025390625000000005
