individiaul_timesteps: 4762935 4664889 4633101 4530872 
meta_loss : -0.06919436855241656
test_return_mean : 32.03125
