individiaul_timesteps: 2900584 2820903 2844228 2827655 
meta_loss : -0.06522246915847063
test_return_mean : 34.765625
