individiaul_timesteps: 4025725 3904372 3897830 3819199 
meta_loss : -0.07454143557697535
test_return_mean : 31.953125
