individiaul_timesteps: 844800 844241 844800 844800 
meta_loss : -0.030401473050005734
test_return_mean : 5.703125
