individiaul_timesteps: 4403877 4276218 4260428 4175625 
meta_loss : -0.06667366437613964
test_return_mean : 32.03125
