test_return_mean : 39.6875
test_return_std : 1.7399263633843818
test_episode_limit_mean : 0.03125
test_ep_length_mean : 112.21875
test_episode_completion_mean : 0.010163164060977661
return_mean : 34.140625
return_std : 10.497569938294053
episode_limit_mean : 0.3046875
ep_length_mean : 146.6171875
episode_completion_mean : 0.007625195195637901
