individiaul_timesteps: 25600 25600 25600 25600 
meta_loss : -0.050694630364887416
test_return_mean : 0.546875
