individiaul_timesteps: 25600 25600 25600 25600 
meta_loss : -0.08013023438979872
test_return_mean : 0.390625
