individiaul_timesteps: 25600 25600 25600 25600 
meta_loss : -0.06039201817475259
test_return_mean : 0.234375
