individiaul_timesteps: 435200 435200 435200 435200 
meta_loss : -0.039740222797263414
test_return_mean : 0.390625
