individiaul_timesteps: 3295129 3161136 3207104 3112901 
meta_loss : -0.06605199025943875
test_return_mean : 34.53125
