individiaul_timesteps: 2259643 2199502 2246329 2273161 
meta_loss : -0.05402616038918495
test_return_mean : 38.90625
