individiaul_timesteps: 1433434 1426873 
meta_loss : -0.08169046277180314
test_return_mean : 37.03125
