test_return_mean : 2.8125
test_return_std : 5.719689130538477
test_episode_limit_mean : 1.0
test_ep_length_mean : 200.0
test_episode_completion_mean : 0.00109375
return_mean : 1.171875
return_std : 3.6702123895457333
episode_limit_mean : 1.0
ep_length_mean : 200.0
episode_completion_mean : 0.0005078125
