individiaul_timesteps: 5031487 5094156 
meta_loss : -0.07602419285103679
test_return_mean : 30.46875
