individiaul_timesteps: 3192920 3261694 
meta_loss : -0.0709513258188963
test_return_mean : 37.03125
