test_return_mean : 14.375
test_return_std : 11.162856937182346
test_episode_limit_mean : 1.0
test_ep_length_mean : 200.0
test_episode_completion_mean : 0.003593750000000001
return_mean : 9.6875
return_std : 10.226917607470982
episode_limit_mean : 1.0
ep_length_mean : 200.0
episode_completion_mean : 0.0028125000000000008
