individiaul_timesteps: 3883525 3986283 
meta_loss : -0.0933424811810255
test_return_mean : 31.09375
