individiaul_timesteps: 435200 435200 435200 435200 
meta_loss : -0.03098830091767013
test_return_mean : 0.703125
