individiaul_timesteps: 844800 844800 844800 844707 
meta_loss : -0.02579515552497469
test_return_mean : 3.359375
