individiaul_timesteps: 204800 204800 204800 204800 
meta_loss : -0.038894228026038036
test_return_mean : 0.400390625
