test_return_mean : 0.625
test_return_std : 2.4206145913796355
test_episode_limit_mean : 1.0
test_ep_length_mean : 200.0
test_episode_completion_mean : 0.0003125
return_mean : 0.3125
return_std : 1.7399263633843818
episode_limit_mean : 1.0
ep_length_mean : 200.0
episode_completion_mean : 0.00015625
