individiaul_timesteps: 5284785 5198198 5136317 5035354 
meta_loss : -0.08418310107663274
test_return_mean : 32.421875
