individiaul_timesteps: 1627341 1590122 1638985 1655690 
meta_loss : -0.06868129177019
test_return_mean : 36.640625
