individiaul_timesteps: 426575 435200 435200 434398 
meta_loss : -0.03005523351021111
test_return_mean : 15.703125
