test_return_mean : 39.6875
test_return_std : 1.7399263633843818
test_episode_limit_mean : 0.03125
test_ep_length_mean : 107.375
test_episode_completion_mean : 0.010224893912617302
return_mean : 33.90625
return_std : 10.985386244347533
episode_limit_mean : 0.2734375
ep_length_mean : 132.3515625
episode_completion_mean : 0.00866885233306125
