individiaul_timesteps: 435155 434858 
meta_loss : -0.035748469294048846
test_return_mean : 17.34375
