individiaul_timesteps: 25600 25600 25600 25600 
meta_loss : -0.07040107145439833
test_return_mean : 0.15625
