individiaul_timesteps: 3649122 3534233 3538836 3454092 
meta_loss : -0.08733302587643266
test_return_mean : 33.203125
