individiaul_timesteps: 25600 25600 25600 25600 
meta_loss : -0.06854480318725109
test_return_mean : 0.390625
